
Sample Number: 0
41 edges
31592
31669
31746
31892
31999
32125
32203
32329
32455
32533
32612
32690
32769
32848
32926
33005
33085
33164
33245
33327
33448
33574
33733
33776
33859
33937
34016
34094
34173
34251
34331
34409
34488
34568
34694
34772
34898
34977
35104
35182
35309

Sample Number: 1
43 edges
2049671
2049723
2049858
2049935
2050013
2050139
2050265
2050391
2050517
2050596
2050674
2050753
2050832
2050910
2050989
2051068
2051147
2051229
2051305
2051385
2051463
2051542
2051668
2051795
2051873
2051999
2052077
2052174
2052235
2052317
2052392
2052471
2052550
2052629
2052709
2052788
2052914
2052992
2053119
2053197
2053324
2053450
2053529

Sample Number: 2
43 edges
4067886
4067935
4068073
4068150
4068228
4068356
4068481
4068607
4068732
4068811
4068889
4068968
4069050
4069126
4069204
4069283
4069362
4069441
4069521
4069599
4069678
4069757
4069883
4070010
4070088
4070215
4070293
4070372
4070451
4070530
4070608
4070687
4070766
4070844
4070925
4071003
4071130
4071208
4071335
4071415
4071540
4071666
4071745

Sample Number: 3
43 edges
6086079
6086126
6086278
6086356
6086434
6086559
6086688
6086813
6086937
6087016
6087095
6087173
6087252
6087331
6087409
6087488
6087567
6087646
6087726
6087805
6087883
6087963
6088089
6088215
6088293
6088420
6088498
6088577
6088656
6088735
6088814
6088892
6088983
6089050
6089130
6089208
6089335
6089416
6089540
6089618
6089744
6089870
6089949

Sample Number: 4
43 edges
8104313
8104362
8104504
8104577
8104655
8104781
8104907
8105033
8105159
8105251
8105316
8105395
8105473
8105552
8105631
8105710
8105788
8105867
8105947
8106026
8106105
8106184
8106310
8106436
8106515
8106641
8106719
8106799
8106877
8106956
8107035
8107114
8107192
8107274
8107351
8107430
8107556
8107635
8107762
8107840
8107966
8108092
8108171

Sample Number: 5
43 edges
10122535
10122582
10122726
10122803
10122882
10123008
10123134
10123261
10123386
10123464
10123542
10123621
10123707
10123780
10123858
10123937
10124015
10124094
10124174
10124254
10124332
10124410
10124536
10124663
10124742
10124868
10124946
10125025
10125108
10125182
10125266
10125340
10125419
10125498
10125578
10125656
10125782
10125862
10125987
10126066
10126193
10126319
10126398

Sample Number: 6
43 edges
12140730
12140777
12140930
12141008
12141086
12141212
12141338
12141464
12141591
12141669
12141749
12141827
12141905
12141983
12142062
12142141
12142220
12142298
12142378
12142457
12142536
12142615
12142741
12142870
12142946
12143072
12143151
12143229
12143308
12143387
12143465
12143545
12143623
12143706
12143782
12143860
12143987
12144066
12144192
12144270
12144397
12144523
12144602

Sample Number: 7
43 edges
14158940
14158988
14159136
14159214
14159293
14159417
14159544
14159670
14159795
14159874
14159953
14160031
14160110
14160189
14160268
14160346
14160425
14160504
14160583
14160663
14160745
14160820
14160946
14161072
14161150
14161278
14161356
14161435
14161514
14161592
14161671
14161750
14161824
14161907
14161987
14162069
14162192
14162272
14162397
14162476
14162602
14162728
14162807

Sample Number: 8
43 edges
16177143
16177191
16177339
16177416
16177494
16177620
16177746
16177872
16177951
16178082
16178203
16178281
16178360
16178439
16178517
16178596
16178679
16178754
16178834
16178913
16178993
16179070
16179197
16179323
16179402
16179528
16179607
16179685
16179764
16179843
16179922
16180000
16180080
16180158
16180238
16180317
16180444
16180522
16180648
16180727
16180855
16180932
16181058

Sample Number: 9
43 edges
18195342
18195389
18195541
18195618
18195697
18195823
18195949
18196074
18196201
18196279
18196358
18196436
18196519
18196594
18196673
18196752
18196830
18196909
18196989
18197068
18197147
18197225
18197352
18197477
18197556
18197682
18197761
18197840
18197918
18197997
18198076
18198155
18198233
18198327
18198393
18198472
18198598
18198677
18198802
18198881
18199007
18199133
18199212
